[ 4523.224029] [Project1] 5571 1588064729.414129656 1588064730.222779812
[ 4524.826049] [Project1] 5574 1588064731.008442737 1588064731.824794724
[ 4526.419056] [Project1] 5575 1588064732.603299657 1588064733.417809378
[ 4528.008053] [Project1] 5576 1588064734.186782175 1588064735.006809838
[ 4529.627070] [Project1] 5577 1588064735.786380496 1588064736.625838826
[ 4531.207004] [Project1] 5578 1588064737.406117382 1588064738.205747013
[ 4532.792318] [Project1] 5579 1588064738.997278299 1588064739.791080056
[ 4534.368826] [Project1] 5580 1588064740.569985651 1588064741.367562315
[ 4535.962200] [Project1] 5581 1588064742.175174481 1588064742.960941244
[ 4537.541059] [Project1] 5582 1588064743.744175140 1588064744.539787958
